4.673004150390625e-05
5.984306335449219e-05
0.00014972686767578125
0.00012946128845214844
4.172325134277344e-05
0.00013566017150878906
0.00018835067749023438
8.320808410644531e-05
8.344650268554688e-05
0.0002319812774658203
5.793571472167969e-05
0.0001728534698486328
0.0001423358917236328
0.00019121170043945312
0.00016689300537109375
8.058547973632812e-05
0.00020575523376464844
4.00543212890625e-05
0.00020360946655273438
0.00013637542724609375
0.0001437664031982422
0.0001404285430908203
0.00012946128845214844
0.00014400482177734375
0.0003142356872558594
0.00013113021850585938
0.00010728836059570312
0.00015354156494140625
0.00013113021850585938
0.0001468658447265625
0.00017642974853515625
0.00014853477478027344
0.0001437664031982422
0.00021648406982421875
7.82012939453125e-05
0.00014281272888183594
0.0001347064971923828
5.984306335449219e-05
9.369850158691406e-05
3.9577484130859375e-05
0.00017523765563964844
0.0001437664031982422
0.00015807151794433594
0.00016880035400390625
0.00014448165893554688
0.00014352798461914062
0.0001423358917236328
0.00020003318786621094
0.0001049041748046875
0.00014472007751464844
0.00014138221740722656
0.00014662742614746094
0.00014495849609375
0.00013947486877441406
0.00011587142944335938
0.0001437664031982422
0.00019073486328125
0.00016236305236816406
0.0001475811004638672
0.00018525123596191406
0.00018739700317382812
0.0001468658447265625
0.0001430511474609375
0.00011181831359863281
0.00021529197692871094
0.0002071857452392578
0.0001347064971923828
0.00014066696166992188
0.00013828277587890625
7.915496826171875e-05
0.00019049644470214844
0.00022077560424804688
5.936622619628906e-05
9.679794311523438e-05
0.00016641616821289062
0.00016546249389648438
4.029273986816406e-05
0.0001850128173828125
0.001149892807006836
0.00018334388732910156
0.0002372264862060547
0.00014519691467285156
4.100799560546875e-05
5.3882598876953125e-05
6.008148193359375e-05
0.00024318695068359375
0.00014281272888183594
0.0001456737518310547
0.0001418590545654297
5.173683166503906e-05
0.000141143798828125
0.0001633167266845703
0.0001461505889892578
0.00013327598571777344
6.699562072753906e-05
0.0001323223114013672
0.00019550323486328125
0.00014281272888183594
0.0001437664031982422
8.153915405273438e-05
0.00018739700317382812
0.00013899803161621094
3.910064697265625e-05
0.00014472007751464844
3.790855407714844e-05
0.00014209747314453125
0.00011301040649414062
9.72747802734375e-05
0.0001468658447265625
0.00014162063598632812
0.00018334388732910156
0.00025963783264160156
0.00013780593872070312
0.0002200603485107422
0.00016641616821289062
0.0001418590545654297
0.0001423358917236328
0.00015926361083984375
0.000148773193359375
0.000171661376953125
0.00014495849609375
0.00014328956604003906
0.0001468658447265625
8.440017700195312e-05
9.965896606445312e-05
0.00018668174743652344
0.00019407272338867188
0.00014090538024902344
0.00013637542724609375
0.0001316070556640625
0.0001418590545654297
0.00015282630920410156
5.054473876953125e-05
0.0001690387725830078
0.0001697540283203125
0.00014519691467285156
0.0001430511474609375
0.00014495849609375
0.00011396408081054688
0.0001480579376220703
0.00014543533325195312
0.0001423358917236328
0.00014781951904296875
9.989738464355469e-05
0.00019884109497070312
0.0002999305725097656
6.103515625e-05
0.00018358230590820312
0.0001938343048095703
0.00016427040100097656
5.7697296142578125e-05
0.00014495849609375
0.0001468658447265625
4.792213439941406e-05
0.000141143798828125
0.0001418590545654297
4.124641418457031e-05
0.000141143798828125
8.96453857421875e-05
0.00017976760864257812
0.00018644332885742188
0.00014781951904296875
0.00013518333435058594
0.00014543533325195312
4.76837158203125e-05
0.00015163421630859375
0.00014090538024902344
0.00013399124145507812
0.00014019012451171875
0.00022363662719726562
0.0001366138458251953
0.00014352798461914062
0.00019502639770507812
0.0001697540283203125
5.5789947509765625e-05
0.0001380443572998047
4.482269287109375e-05
0.0001990795135498047
8.416175842285156e-05
0.00014281272888183594
0.0001068115234375
0.00014257431030273438
0.00016117095947265625
7.772445678710938e-05
0.00014400482177734375
6.604194641113281e-05
0.00014543533325195312
0.00010395050048828125
0.0001392364501953125
6.318092346191406e-05
0.000202178955078125
0.0001480579376220703
8.082389831542969e-05
0.00010514259338378906
0.0001804828643798828
4.76837158203125e-05
0.00010156631469726562
0.00023603439331054688
0.0001430511474609375
0.00013947486877441406
0.0001480579376220703
4.5299530029296875e-05
0.00010943412780761719
0.00014138221740722656
6.866455078125e-05
0.0001494884490966797
0.00020956993103027344
5.221366882324219e-05
0.00013971328735351562
0.00011849403381347656
0.00019884109497070312
0.00015020370483398438
8.392333984375e-05
0.00011897087097167969
0.0001838207244873047
0.00014638900756835938
5.555152893066406e-05
5.078315734863281e-05
0.0001506805419921875
9.703636169433594e-05
8.249282836914062e-05
7.677078247070312e-05
0.0001456737518310547
7.605552673339844e-05
0.00018215179443359375
0.00015115737915039062
0.00016641616821289062
0.0001499652862548828
7.128715515136719e-05
0.000148773193359375
0.00014162063598632812
0.0001418590545654297
0.0001327991485595703
8.416175842285156e-05
0.00014066696166992188
0.00013017654418945312
0.0001728534698486328
0.00015497207641601562
6.008148193359375e-05
0.0001430511474609375
0.00013136863708496094
0.0001442432403564453
0.00014925003051757812
0.0001494884490966797
0.0002455711364746094
0.00010991096496582031
0.00014400482177734375
0.00014591217041015625
0.00012612342834472656
0.000152587890625
0.00011038780212402344
6.175041198730469e-05
0.0001404285430908203
0.00021958351135253906
0.00022459030151367188
5.459785461425781e-05
0.00014138221740722656
0.00014662742614746094
4.744529724121094e-05
7.700920104980469e-05
0.00014400482177734375
4.291534423828125e-05
7.128715515136719e-05
0.00016570091247558594
0.00022602081298828125
3.24249267578125e-05
5.6743621826171875e-05
0.00014400482177734375
0.00014638900756835938
0.0001461505889892578
0.000141143798828125
0.0001723766326904297
0.000152587890625
0.00020241737365722656
0.0001251697540283203
0.00014710426330566406
3.886222839355469e-05
9.799003601074219e-05
5.7220458984375e-05
4.172325134277344e-05
3.337860107421875e-05
4.9591064453125e-05
0.00011372566223144531
0.0001437664031982422
0.00014019012451171875
0.00010180473327636719
8.392333984375e-05
0.00044345855712890625
0.00015020370483398438
4.673004150390625e-05
0.000148773193359375
0.00014448165893554688
0.00011730194091796875
6.937980651855469e-05
0.00014472007751464844
8.082389831542969e-05
3.9577484130859375e-05
0.0001423358917236328
0.0001842975616455078
0.00014400482177734375
0.00014472007751464844
0.00019931793212890625
8.0108642578125e-05
0.0001575946807861328
0.00013947486877441406
4.6253204345703125e-05
8.797645568847656e-05
0.00014591217041015625
0.0001926422119140625
3.981590270996094e-05
5.602836608886719e-05
