5.5445027351379395
5.217337608337402
5.681108236312866
5.58292031288147
5.759084939956665
5.5458362102508545
10.373374223709106
5.554220676422119
5.633228063583374
5.546480894088745
5.433692693710327
5.448348045349121
5.518652677536011
5.517044305801392
5.628162145614624
5.528707504272461
5.566620111465454
5.580955743789673
5.6183202266693115
5.439855098724365
5.45917010307312
5.52849817276001
5.577249765396118
5.4708123207092285
5.54111909866333
5.435858488082886
10.224231004714966
5.561903953552246
5.430268049240112
5.553732872009277
5.479855537414551
5.473798036575317
5.459632635116577
5.527358293533325
5.5081682205200195
5.650023698806763
5.564574241638184
5.618815183639526
5.547208547592163
5.509026527404785
5.438976526260376
5.445403575897217
5.4614057540893555
5.437061071395874
5.598806142807007
5.544730186462402
5.448945999145508
5.292971134185791
5.515239477157593
10.252569913864136
5.445946216583252
5.533066511154175
5.4493842124938965
5.427985906600952
5.531754732131958
5.437885046005249
5.489715099334717
5.439080476760864
5.4217400550842285
5.425756931304932
5.499236106872559
5.442473411560059
5.430589199066162
5.50425910949707
5.5107176303863525
5.905414342880249
5.4160542488098145
5.4008564949035645
